,G,A,C,S,P,T,V,D,I,L,N,M,Q,K,E,H,F,R,Y,W
1,0.9258704,0.06556835,0.00015637738,0.008181213,8.634616e-06,5.367999e-05,1.3540777e-05,5.9826754e-05,9.97269e-07,1.5732161e-05,5.146015e-05,2.4573196e-06,3.1901286e-06,4.952177e-06,4.270737e-06,1.5269883e-06,8.408553e-07,1.8779394e-06,4.0864575e-07,1.1652869e-07
2,5.248591e-06,0.00017554728,0.0006922226,0.00024407728,1.4601615e-05,0.0007381659,4.9116e-05,5.4417393e-05,0.00022559815,0.024649857,0.00032206668,0.9521977,0.016019037,0.0009980282,0.0031084586,0.00013717334,1.9876403e-05,0.0003391018,8.29046e-06,1.4390483e-06
3,1.0710036e-06,8.7991793e-07,1.5123094e-05,1.3693473e-06,3.6422232e-06,3.941477e-06,2.884726e-05,0.00010549172,0.000637752,0.12929317,0.00030352033,0.123022184,0.062084448,0.012275049,0.021958448,0.005173374,0.034210354,0.028714184,0.08012261,0.50204456
4,0.9998332,0.00011612168,9.2930645e-07,4.510496e-05,3.4465532e-07,3.792865e-07,1.2808448e-07,2.0143477e-06,1.6517443e-08,1.9911863e-07,4.6629017e-07,2.0180199e-08,1.7519848e-07,3.629107e-07,3.5827685e-07,5.096394e-08,1.25742465e-08,1.2866674e-07,1.469871e-08,2.792356e-10
5,0.0026324186,0.001032441,1.4127435e-05,0.000282687,0.99569196,8.430124e-05,2.4336661e-05,6.423472e-05,4.7206627e-06,1.5837437e-05,3.5918307e-05,7.479406e-06,1.54436e-05,2.892573e-05,3.6000063e-05,5.27942e-06,1.6873137e-06,1.7962775e-05,3.5868857e-06,6.934522e-07
6,0.0098905945,0.54836273,0.0022255005,0.41115203,0.00024441327,0.01822516,0.00168245,0.0046618143,6.820404e-05,6.217023e-05,0.0021159782,5.112833e-05,0.00025838596,0.00018054039,0.0006443864,5.6847814e-05,1.7946328e-05,8.049271e-05,1.5474627e-05,3.7330678e-06
7,5.4446946e-06,0.000267954,0.000117410025,0.00030171327,0.99903995,9.302064e-05,2.4550118e-05,6.169599e-05,3.4826544e-06,3.0951776e-06,3.3084125e-05,1.3008146e-06,1.2068886e-05,3.025113e-06,2.823759e-05,2.137379e-06,2.422121e-07,1.3714532e-06,2.6902205e-07,9.024573e-09
8,0.00034901375,0.93595237,0.0005073328,0.061447646,0.00066237524,0.0006792244,4.3119813e-05,0.00024478504,7.749296e-07,6.5819245e-07,5.0695606e-05,2.1565663e-06,1.1789143e-05,2.6908278e-06,4.227262e-05,1.4181195e-06,3.54299e-07,1.0108569e-06,3.040853e-07,3.037701e-08
9,0.016349291,0.71321577,0.00092477194,0.2667755,0.00034096267,0.0014885298,0.00012082339,0.0004662817,5.1785432e-06,2.0577756e-06,0.00024835815,2.52533e-06,1.3571092e-05,7.959512e-06,2.9498335e-05,3.5563144e-06,5.6376166e-07,4.2015145e-06,5.399594e-07,6.003063e-08
10,0.00014141315,0.0063377074,0.014109477,0.0028155285,3.466923e-05,0.018993847,0.923245,0.00022211668,0.032767233,0.00040838946,0.0006271339,5.7271594e-05,8.109452e-05,2.750459e-05,8.9937836e-05,4.7594126e-06,3.1652683e-06,3.1617823e-05,1.9119173e-06,3.0978467e-07
