,CDR3b,CDR3a,peptide,TULIP_SCORE
0,CASSPRGGTADTQYF,CAMRESSNSNSGYALNF,AMDQVPFSV,8.576332092285156
1,CASSPRGGTADTQYF,CAMRESSNSNSGYALNF,CMDQVPFSV,9.75408935546875
2,CASSPRGGTADTQYF,CAMRESSNSNSGYALNF,DMDQVPFSV,13.23417854309082
3,CASSPRGGTADTQYF,CAMRESSNSNSGYALNF,EMDQVPFSV,10.627435684204102
4,CASSPRGGTADTQYF,CAMRESSNSNSGYALNF,FMDQVPFSV,16.400650024414062
5,CASSPRGGTADTQYF,CAMRESSNSNSGYALNF,GMDQVPFSV,12.964406967163086
6,CASSPRGGTADTQYF,CAMRESSNSNSGYALNF,HMDQVPFSV,14.674384117126465
7,CASSPRGGTADTQYF,CAMRESSNSNSGYALNF,IMDQVPFSV,21.40331268310547
8,CASSPRGGTADTQYF,CAMRESSNSNSGYALNF,KMDQVPFSV,11.736403465270996
9,CASSPRGGTADTQYF,CAMRESSNSNSGYALNF,LMDQVPFSV,11.09953784942627
10,CASSPRGGTADTQYF,CAMRESSNSNSGYALNF,MMDQVPFSV,14.911905288696289
11,CASSPRGGTADTQYF,CAMRESSNSNSGYALNF,NMDQVPFSV,10.223901748657227
12,CASSPRGGTADTQYF,CAMRESSNSNSGYALNF,PMDQVPFSV,12.626607894897461
13,CASSPRGGTADTQYF,CAMRESSNSNSGYALNF,QMDQVPFSV,12.340520858764648
14,CASSPRGGTADTQYF,CAMRESSNSNSGYALNF,RMDQVPFSV,9.401205062866211
15,CASSPRGGTADTQYF,CAMRESSNSNSGYALNF,SMDQVPFSV,12.982477188110352
16,CASSPRGGTADTQYF,CAMRESSNSNSGYALNF,TMDQVPFSV,15.154716491699219
17,CASSPRGGTADTQYF,CAMRESSNSNSGYALNF,VMDQVPFSV,13.771989822387695
18,CASSPRGGTADTQYF,CAMRESSNSNSGYALNF,WMDQVPFSV,11.977802276611328
19,CASSPRGGTADTQYF,CAMRESSNSNSGYALNF,YMDQVPFSV,16.540820121765137
20,CASSPRGGTADTQYF,CAMRESSNSNSGYALNF,IADQVPFSV,11.416797637939453
21,CASSPRGGTADTQYF,CAMRESSNSNSGYALNF,ICDQVPFSV,4.46959114074707
22,CASSPRGGTADTQYF,CAMRESSNSNSGYALNF,IDDQVPFSV,10.341146469116211
23,CASSPRGGTADTQYF,CAMRESSNSNSGYALNF,IEDQVPFSV,7.43348503112793
24,CASSPRGGTADTQYF,CAMRESSNSNSGYALNF,IFDQVPFSV,8.43911361694336
25,CASSPRGGTADTQYF,CAMRESSNSNSGYALNF,IGDQVPFSV,3.8625526428222656
26,CASSPRGGTADTQYF,CAMRESSNSNSGYALNF,IHDQVPFSV,5.66685676574707
27,CASSPRGGTADTQYF,CAMRESSNSNSGYALNF,IIDQVPFSV,12.807361602783203
28,CASSPRGGTADTQYF,CAMRESSNSNSGYALNF,IKDQVPFSV,9.644159317016602
29,CASSPRGGTADTQYF,CAMRESSNSNSGYALNF,ILDQVPFSV,11.966042518615723
30,CASSPRGGTADTQYF,CAMRESSNSNSGYALNF,INDQVPFSV,6.198089599609375
31,CASSPRGGTADTQYF,CAMRESSNSNSGYALNF,IPDQVPFSV,2.471494674682617
32,CASSPRGGTADTQYF,CAMRESSNSNSGYALNF,IQDQVPFSV,13.320330619812012
33,CASSPRGGTADTQYF,CAMRESSNSNSGYALNF,IRDQVPFSV,2.9468841552734375
34,CASSPRGGTADTQYF,CAMRESSNSNSGYALNF,ISDQVPFSV,4.66203498840332
35,CASSPRGGTADTQYF,CAMRESSNSNSGYALNF,ITDQVPFSV,17.43207883834839
36,CASSPRGGTADTQYF,CAMRESSNSNSGYALNF,IVDQVPFSV,11.993895530700684
37,CASSPRGGTADTQYF,CAMRESSNSNSGYALNF,IWDQVPFSV,9.368633270263672
38,CASSPRGGTADTQYF,CAMRESSNSNSGYALNF,IYDQVPFSV,-0.11697006225585938
39,CASSPRGGTADTQYF,CAMRESSNSNSGYALNF,IMAQVPFSV,13.588571548461914
40,CASSPRGGTADTQYF,CAMRESSNSNSGYALNF,IMCQVPFSV,13.053413391113281
41,CASSPRGGTADTQYF,CAMRESSNSNSGYALNF,IMEQVPFSV,15.27564811706543
42,CASSPRGGTADTQYF,CAMRESSNSNSGYALNF,IMFQVPFSV,10.882558822631836
43,CASSPRGGTADTQYF,CAMRESSNSNSGYALNF,IMGQVPFSV,9.371191024780273
44,CASSPRGGTADTQYF,CAMRESSNSNSGYALNF,IMHQVPFSV,8.521080017089844
45,CASSPRGGTADTQYF,CAMRESSNSNSGYALNF,IMIQVPFSV,13.203389167785645
46,CASSPRGGTADTQYF,CAMRESSNSNSGYALNF,IMKQVPFSV,15.732426643371582
47,CASSPRGGTADTQYF,CAMRESSNSNSGYALNF,IMLQVPFSV,15.235601425170898
48,CASSPRGGTADTQYF,CAMRESSNSNSGYALNF,IMMQVPFSV,13.354724884033203
49,CASSPRGGTADTQYF,CAMRESSNSNSGYALNF,IMNQVPFSV,8.314558029174805
50,CASSPRGGTADTQYF,CAMRESSNSNSGYALNF,IMPQVPFSV,9.759822845458984
51,CASSPRGGTADTQYF,CAMRESSNSNSGYALNF,IMQQVPFSV,13.645241737365723
52,CASSPRGGTADTQYF,CAMRESSNSNSGYALNF,IMRQVPFSV,9.019824981689453
53,CASSPRGGTADTQYF,CAMRESSNSNSGYALNF,IMSQVPFSV,11.541999816894531
54,CASSPRGGTADTQYF,CAMRESSNSNSGYALNF,IMTQVPFSV,12.510883331298828
55,CASSPRGGTADTQYF,CAMRESSNSNSGYALNF,IMVQVPFSV,15.243630409240723
56,CASSPRGGTADTQYF,CAMRESSNSNSGYALNF,IMWQVPFSV,11.058225631713867
57,CASSPRGGTADTQYF,CAMRESSNSNSGYALNF,IMYQVPFSV,16.123385429382324
58,CASSPRGGTADTQYF,CAMRESSNSNSGYALNF,IMDAVPFSV,13.653081893920898
59,CASSPRGGTADTQYF,CAMRESSNSNSGYALNF,IMDCVPFSV,12.021339416503906
60,CASSPRGGTADTQYF,CAMRESSNSNSGYALNF,IMDDVPFSV,12.267627716064453
61,CASSPRGGTADTQYF,CAMRESSNSNSGYALNF,IMDEVPFSV,13.263016700744629
62,CASSPRGGTADTQYF,CAMRESSNSNSGYALNF,IMDFVPFSV,3.576936721801758
63,CASSPRGGTADTQYF,CAMRESSNSNSGYALNF,IMDGVPFSV,10.698148727416992
64,CASSPRGGTADTQYF,CAMRESSNSNSGYALNF,IMDHVPFSV,8.285781860351562
65,CASSPRGGTADTQYF,CAMRESSNSNSGYALNF,IMDIVPFSV,10.154972076416016
66,CASSPRGGTADTQYF,CAMRESSNSNSGYALNF,IMDKVPFSV,10.112142562866211
67,CASSPRGGTADTQYF,CAMRESSNSNSGYALNF,IMDLVPFSV,10.751195907592773
68,CASSPRGGTADTQYF,CAMRESSNSNSGYALNF,IMDMVPFSV,13.164133071899414
69,CASSPRGGTADTQYF,CAMRESSNSNSGYALNF,IMDNVPFSV,12.881324768066406
70,CASSPRGGTADTQYF,CAMRESSNSNSGYALNF,IMDPVPFSV,6.594547271728516
71,CASSPRGGTADTQYF,CAMRESSNSNSGYALNF,IMDRVPFSV,11.687251091003418
72,CASSPRGGTADTQYF,CAMRESSNSNSGYALNF,IMDSVPFSV,9.765344619750977
73,CASSPRGGTADTQYF,CAMRESSNSNSGYALNF,IMDTVPFSV,8.001155853271484
74,CASSPRGGTADTQYF,CAMRESSNSNSGYALNF,IMDVVPFSV,11.885333061218262
75,CASSPRGGTADTQYF,CAMRESSNSNSGYALNF,IMDWVPFSV,5.189056396484375
76,CASSPRGGTADTQYF,CAMRESSNSNSGYALNF,IMDYVPFSV,12.591609954833984
77,CASSPRGGTADTQYF,CAMRESSNSNSGYALNF,IMDQAPFSV,8.550621032714844
78,CASSPRGGTADTQYF,CAMRESSNSNSGYALNF,IMDQCPFSV,11.246912002563477
79,CASSPRGGTADTQYF,CAMRESSNSNSGYALNF,IMDQDPFSV,6.842601776123047
80,CASSPRGGTADTQYF,CAMRESSNSNSGYALNF,IMDQEPFSV,6.552215576171875
81,CASSPRGGTADTQYF,CAMRESSNSNSGYALNF,IMDQFPFSV,13.197122573852539
82,CASSPRGGTADTQYF,CAMRESSNSNSGYALNF,IMDQGPFSV,4.4723052978515625
83,CASSPRGGTADTQYF,CAMRESSNSNSGYALNF,IMDQHPFSV,10.91265869140625
84,CASSPRGGTADTQYF,CAMRESSNSNSGYALNF,IMDQIPFSV,5.226511001586914
85,CASSPRGGTADTQYF,CAMRESSNSNSGYALNF,IMDQKPFSV,7.124530792236328
86,CASSPRGGTADTQYF,CAMRESSNSNSGYALNF,IMDQLPFSV,8.045007705688477
87,CASSPRGGTADTQYF,CAMRESSNSNSGYALNF,IMDQMPFSV,14.59432315826416
88,CASSPRGGTADTQYF,CAMRESSNSNSGYALNF,IMDQNPFSV,-1.5805511474609375
89,CASSPRGGTADTQYF,CAMRESSNSNSGYALNF,IMDQPPFSV,5.331266403198242
90,CASSPRGGTADTQYF,CAMRESSNSNSGYALNF,IMDQQPFSV,7.617006301879883
91,CASSPRGGTADTQYF,CAMRESSNSNSGYALNF,IMDQRPFSV,5.12724494934082
92,CASSPRGGTADTQYF,CAMRESSNSNSGYALNF,IMDQSPFSV,10.509601593017578
93,CASSPRGGTADTQYF,CAMRESSNSNSGYALNF,IMDQTPFSV,10.52743148803711
94,CASSPRGGTADTQYF,CAMRESSNSNSGYALNF,IMDQWPFSV,13.67718505859375
95,CASSPRGGTADTQYF,CAMRESSNSNSGYALNF,IMDQYPFSV,14.088048934936523
96,CASSPRGGTADTQYF,CAMRESSNSNSGYALNF,IMDQVAFSV,7.1855926513671875
97,CASSPRGGTADTQYF,CAMRESSNSNSGYALNF,IMDQVCFSV,15.922782897949219
98,CASSPRGGTADTQYF,CAMRESSNSNSGYALNF,IMDQVDFSV,10.420690536499023
99,CASSPRGGTADTQYF,CAMRESSNSNSGYALNF,IMDQVEFSV,11.146278381347656
100,CASSPRGGTADTQYF,CAMRESSNSNSGYALNF,IMDQVFFSV,14.431678771972656
101,CASSPRGGTADTQYF,CAMRESSNSNSGYALNF,IMDQVGFSV,7.563817977905273
102,CASSPRGGTADTQYF,CAMRESSNSNSGYALNF,IMDQVHFSV,9.333295822143555
103,CASSPRGGTADTQYF,CAMRESSNSNSGYALNF,IMDQVIFSV,8.126911163330078
104,CASSPRGGTADTQYF,CAMRESSNSNSGYALNF,IMDQVKFSV,6.187610626220703
105,CASSPRGGTADTQYF,CAMRESSNSNSGYALNF,IMDQVLFSV,13.459901809692383
106,CASSPRGGTADTQYF,CAMRESSNSNSGYALNF,IMDQVMFSV,11.64642333984375
107,CASSPRGGTADTQYF,CAMRESSNSNSGYALNF,IMDQVNFSV,5.7781524658203125
108,CASSPRGGTADTQYF,CAMRESSNSNSGYALNF,IMDQVQFSV,9.222572326660156
109,CASSPRGGTADTQYF,CAMRESSNSNSGYALNF,IMDQVRFSV,9.961732864379883
110,CASSPRGGTADTQYF,CAMRESSNSNSGYALNF,IMDQVSFSV,7.659084320068359
111,CASSPRGGTADTQYF,CAMRESSNSNSGYALNF,IMDQVTFSV,11.337774276733398
112,CASSPRGGTADTQYF,CAMRESSNSNSGYALNF,IMDQVVFSV,8.110689163208008
113,CASSPRGGTADTQYF,CAMRESSNSNSGYALNF,IMDQVWFSV,13.808774948120117
114,CASSPRGGTADTQYF,CAMRESSNSNSGYALNF,IMDQVYFSV,15.452400207519531
115,CASSPRGGTADTQYF,CAMRESSNSNSGYALNF,IMDQVPASV,10.269525527954102
116,CASSPRGGTADTQYF,CAMRESSNSNSGYALNF,IMDQVPCSV,12.733827590942383
117,CASSPRGGTADTQYF,CAMRESSNSNSGYALNF,IMDQVPDSV,7.3869171142578125
118,CASSPRGGTADTQYF,CAMRESSNSNSGYALNF,IMDQVPESV,7.943592071533203
119,CASSPRGGTADTQYF,CAMRESSNSNSGYALNF,IMDQVPGSV,12.214208602905273
120,CASSPRGGTADTQYF,CAMRESSNSNSGYALNF,IMDQVPHSV,10.841361999511719
121,CASSPRGGTADTQYF,CAMRESSNSNSGYALNF,IMDQVPISV,10.812782287597656
122,CASSPRGGTADTQYF,CAMRESSNSNSGYALNF,IMDQVPKSV,11.328354835510254
123,CASSPRGGTADTQYF,CAMRESSNSNSGYALNF,IMDQVPLSV,9.630888938903809
124,CASSPRGGTADTQYF,CAMRESSNSNSGYALNF,IMDQVPMSV,7.259210586547852
125,CASSPRGGTADTQYF,CAMRESSNSNSGYALNF,IMDQVPNSV,6.349460601806641
126,CASSPRGGTADTQYF,CAMRESSNSNSGYALNF,IMDQVPPSV,12.42371940612793
127,CASSPRGGTADTQYF,CAMRESSNSNSGYALNF,IMDQVPQSV,9.936830520629883
128,CASSPRGGTADTQYF,CAMRESSNSNSGYALNF,IMDQVPRSV,8.476390838623047
129,CASSPRGGTADTQYF,CAMRESSNSNSGYALNF,IMDQVPSSV,13.624531745910645
130,CASSPRGGTADTQYF,CAMRESSNSNSGYALNF,IMDQVPTSV,10.290121078491211
131,CASSPRGGTADTQYF,CAMRESSNSNSGYALNF,IMDQVPVSV,7.869386672973633
132,CASSPRGGTADTQYF,CAMRESSNSNSGYALNF,IMDQVPWSV,10.356319427490234
133,CASSPRGGTADTQYF,CAMRESSNSNSGYALNF,IMDQVPYSV,10.974634170532227
134,CASSPRGGTADTQYF,CAMRESSNSNSGYALNF,IMDQVPFAV,13.771577835083008
135,CASSPRGGTADTQYF,CAMRESSNSNSGYALNF,IMDQVPFCV,12.687549591064453
136,CASSPRGGTADTQYF,CAMRESSNSNSGYALNF,IMDQVPFDV,12.220565795898438
137,CASSPRGGTADTQYF,CAMRESSNSNSGYALNF,IMDQVPFEV,12.492116928100586
138,CASSPRGGTADTQYF,CAMRESSNSNSGYALNF,IMDQVPFFV,13.26755142211914
139,CASSPRGGTADTQYF,CAMRESSNSNSGYALNF,IMDQVPFGV,11.57742691040039
140,CASSPRGGTADTQYF,CAMRESSNSNSGYALNF,IMDQVPFHV,11.61563491821289
141,CASSPRGGTADTQYF,CAMRESSNSNSGYALNF,IMDQVPFIV,12.022483825683594
142,CASSPRGGTADTQYF,CAMRESSNSNSGYALNF,IMDQVPFKV,10.266794204711914
143,CASSPRGGTADTQYF,CAMRESSNSNSGYALNF,IMDQVPFLV,10.470491409301758
144,CASSPRGGTADTQYF,CAMRESSNSNSGYALNF,IMDQVPFMV,13.584775924682617
145,CASSPRGGTADTQYF,CAMRESSNSNSGYALNF,IMDQVPFNV,12.960784912109375
146,CASSPRGGTADTQYF,CAMRESSNSNSGYALNF,IMDQVPFPV,20.00298309326172
147,CASSPRGGTADTQYF,CAMRESSNSNSGYALNF,IMDQVPFQV,9.985837936401367
148,CASSPRGGTADTQYF,CAMRESSNSNSGYALNF,IMDQVPFRV,10.686824798583984
149,CASSPRGGTADTQYF,CAMRESSNSNSGYALNF,IMDQVPFTV,11.064691543579102
150,CASSPRGGTADTQYF,CAMRESSNSNSGYALNF,IMDQVPFVV,12.43133544921875
151,CASSPRGGTADTQYF,CAMRESSNSNSGYALNF,IMDQVPFWV,10.936294555664062
152,CASSPRGGTADTQYF,CAMRESSNSNSGYALNF,IMDQVPFYV,13.801971435546875
153,CASSPRGGTADTQYF,CAMRESSNSNSGYALNF,IMDQVPFSA,17.519630432128906
154,CASSPRGGTADTQYF,CAMRESSNSNSGYALNF,IMDQVPFSC,20.97330665588379
155,CASSPRGGTADTQYF,CAMRESSNSNSGYALNF,IMDQVPFSD,19.283886909484863
156,CASSPRGGTADTQYF,CAMRESSNSNSGYALNF,IMDQVPFSE,18.604941368103027
157,CASSPRGGTADTQYF,CAMRESSNSNSGYALNF,IMDQVPFSF,8.847347259521484
158,CASSPRGGTADTQYF,CAMRESSNSNSGYALNF,IMDQVPFSG,14.88167953491211
159,CASSPRGGTADTQYF,CAMRESSNSNSGYALNF,IMDQVPFSH,13.912480354309082
160,CASSPRGGTADTQYF,CAMRESSNSNSGYALNF,IMDQVPFSI,17.008420944213867
161,CASSPRGGTADTQYF,CAMRESSNSNSGYALNF,IMDQVPFSK,11.321990966796875
162,CASSPRGGTADTQYF,CAMRESSNSNSGYALNF,IMDQVPFSL,15.76408576965332
163,CASSPRGGTADTQYF,CAMRESSNSNSGYALNF,IMDQVPFSM,13.920507431030273
164,CASSPRGGTADTQYF,CAMRESSNSNSGYALNF,IMDQVPFSN,18.131183624267578
165,CASSPRGGTADTQYF,CAMRESSNSNSGYALNF,IMDQVPFSP,9.229499816894531
166,CASSPRGGTADTQYF,CAMRESSNSNSGYALNF,IMDQVPFSQ,10.953493118286133
167,CASSPRGGTADTQYF,CAMRESSNSNSGYALNF,IMDQVPFSR,9.6434326171875
168,CASSPRGGTADTQYF,CAMRESSNSNSGYALNF,IMDQVPFSS,18.975074768066406
169,CASSPRGGTADTQYF,CAMRESSNSNSGYALNF,IMDQVPFST,20.385305404663086
170,CASSPRGGTADTQYF,CAMRESSNSNSGYALNF,IMDQVPFSW,14.535056114196777
171,CASSPRGGTADTQYF,CAMRESSNSNSGYALNF,IMDQVPFSY,8.951770782470703
