,G,A,C,S,P,T,V,D,I,L,N,M,Q,K,E,H,F,R,Y,W
1,3.164905179784372e-07,3.141196828842813e-06,1.4652807835527321e-05,6.689595307808831e-06,3.741431181588924e-05,9.785055944604699e-05,0.0005288429720347751,0.0001278170163159527,0.002339459376131624,0.0030524111527454123,0.0003918933975829377,0.006101816124656133,0.0046482307657512885,0.002723639049188,0.0046334871745112045,0.019540481642262433,0.17345378906083952,0.011239628185521114,0.5197909967630031,0.25126744235770443
2,1.6690410886383238e-05,0.0014843846585775918,0.0018386524975548605,0.002955580358975528,0.0193595393345107,0.04269509816442695,0.19329252538942443,0.002097297887320954,0.1541625727355011,0.3997559039029164,0.015917051292045712,0.026600489065265444,0.03765571192972971,0.04516846296865115,0.007737442048248401,0.023219886237695737,0.002477144524124013,0.022140757316480547,0.0013301621171039942,9.464716056068864e-05
3,7.402562434809906e-07,1.6880368709461093e-05,0.00014214831631748705,3.821911488614424e-05,0.00028276066387232957,0.00043625326203840974,0.0010538187111956954,0.0007773809240744969,0.009235680099204214,0.10496187335386908,0.003792834421200498,0.03681484567565171,0.03174640984337943,0.006275342197744192,0.011041892088384596,0.09143074348275206,0.24044509985949128,0.013612365404760754,0.4314259190346117,0.016468792921612484
4,3.113127027560116e-05,0.002483794793075978,0.004157280797959772,0.005949947698076618,0.0008736653139320965,0.09014046106152679,0.696038464956523,0.006751819249936583,0.1331168109286229,0.009997068336130035,0.018102495669200046,0.005245899666599899,0.011139228451259961,0.0004051024735478841,0.012924108780651736,0.0017167278547183978,0.00039688224900275297,0.00019749431034027967,0.00031589537457714134,1.572076404274397e-05
5,1.0179705744548004e-06,7.301823304187237e-06,7.251971748405246e-05,1.9789027945957546e-05,0.00041495301333104473,9.572803771807304e-05,9.943452790180472e-05,0.00019891657076362597,0.0005412665663411597,0.002311022171143723,0.001732015807977318,0.010978785829172966,0.005795949498927545,0.004801870253537934,0.0023532303343036074,0.07787253022606845,0.3983231018041222,0.01913072806413523,0.46878730373230304,0.006462535022943561
6,2.0849405135789388e-07,4.170644766387154e-06,2.4349345777428513e-05,1.2340730565306598e-05,6.575257591768514e-06,0.00022162193664822076,0.00016547550203252137,0.0001722411212023742,0.0011238677283557303,0.017403207717564158,0.0016360141967884324,0.01601509080322304,0.013214838525742775,0.22087770786071823,0.0030259423785866804,0.02135518381986452,0.00913072538674216,0.6768199115081532,0.016199025835570587,0.0025915012060546807
7,0.0002072059971682403,0.0033177776670986164,3.5150640264316656e-05,0.003376606329737176,0.9921325376406378,0.00035801010580431786,5.0353536491847574e-05,0.00018978373277046148,1.9762941192634645e-06,3.4806834353757986e-06,0.00022653026251665575,5.224272499945972e-07,1.9614419708528886e-05,2.4183570963493724e-05,4.2183563815078385e-05,7.784652021673739e-06,3.7818365129221056e-07,5.658574364324586e-06,2.5338139469735363e-07,8.336787027277606e-09
8,1.963265431656093e-07,2.0326039140597893e-05,0.00019570029034780335,1.5621395205364377e-05,2.0163120131123107e-05,0.0007317466000724981,0.008293778893641487,1.2223551409149699e-05,0.17449653400296472,0.6822462698427408,9.877720591713539e-05,0.10175744991598944,0.0005178849990124467,4.463201358216137e-05,7.48409924693625e-05,0.00012859570978128416,0.02888043490145382,9.755189219741935e-05,0.001971242346201201,0.0003960299611993984
9,0.8005749752336806,0.0729005825379013,0.001750993885212815,0.08246628580215304,0.0005423247539401951,0.004219557492856703,0.0006062278030784187,0.01822110496464851,6.386922553887205e-05,0.00017090265884176496,0.015452257300123161,9.18567659338401e-05,0.0007171895787167662,0.0004278673739569671,0.0014637740681680712,0.00014167895678966663,1.2437064451843591e-05,0.00016471461493875575,9.197725012152836e-06,2.2021940565903933e-06
10,0.002394465020098183,0.040858690969760504,0.0040402438977515795,0.03644973611054933,0.9026422445101969,0.008516534955451602,0.001742099716461637,0.0005173762294101502,4.155647618377474e-05,2.341217410648571e-05,0.0019072273009736558,2.7099672820816018e-05,0.0004438798177742781,8.796243198172104e-06,0.00031717653512342155,6.237537554651443e-05,2.7501607208257984e-06,2.6385118163865565e-06,1.5904668879322994e-06,1.0585516771355773e-07
11,0.8356182062678438,0.10392535856992836,0.0029121482114363483,0.052618813282418686,3.664640724417528e-05,0.0013769894406095479,0.0001387930879884994,0.0016317471544345877,1.1829091485895724e-05,4.832880754275273e-05,0.0007085829476918578,2.951390079165068e-05,0.00020470312443774904,0.00020251182967087717,0.0004371859589932683,2.804375250168614e-05,5.200205927745043e-06,5.956646648155723e-05,4.631718133108671e-06,1.1997744382356113e-06
12,0.9400799853884074,0.02324827626007564,0.0005811513215812588,0.026818408646426626,0.0004319383716293225,0.002522791285400676,0.00027090564785930835,0.0029809768289987067,3.72617764207121e-05,6.177053033643906e-05,0.0019998833494779765,4.875565681513574e-05,0.000162657245539152,0.00021621145793081754,0.0003758753563107939,6.364980911265783e-05,9.470143950197285e-06,7.89606109721311e-05,9.085101826198313e-06,1.9852109291965424e-06
13,0.016061323333064422,0.04632984692516361,0.011578688920048782,0.11526716999291055,0.1587849619182761,0.11969842770726613,0.0439069351622235,0.17445624603670745,0.014961001373311394,0.022057409142435005,0.1546802323885281,0.005885252003380122,0.024222138124709816,0.020831509615939953,0.05310048842688194,0.007415842175878294,0.001368022304027135,0.008027994974181982,0.0010966818904134808,0.00026982758465200047
