mutant,is_wt,-log10(EC50),wt_pdb,mt_pdb,mutant_chain,wt_seq,sequence,is_reliable,substitution_matrix_score
N1A,False,6.821741205360024,af3_tcr2,,B,NLVPMVATV,ALVPMVATV,True,-5.702888846341898
N1C,False,6.575455523272837,af3_tcr2,,B,NLVPMVATV,CLVPMVATV,True,-9.384847912477928
N1D,False,1.238204812802231,af3_tcr2,,B,NLVPMVATV,DLVPMVATV,True,-1.5731887789560899
N1E,False,5.301802099505093,af3_tcr2,,B,NLVPMVATV,ELVPMVATV,True,-1.344803035889008
N1F,False,6.429959270800314,af3_tcr2,,B,NLVPMVATV,FLVPMVATV,True,-9.44307888557397
N1G,False,6.750768117936164,af3_tcr2,,B,NLVPMVATV,GLVPMVATV,True,-5.2094521066253945
N1H,False,6.607524937019407,af3_tcr2,,B,NLVPMVATV,HLVPMVATV,True,-4.963283345859569
N1I,False,6.672612142066969,af3_tcr2,,B,NLVPMVATV,ILVPMVATV,True,-9.578851100030663
N1K,False,6.513719659438595,af3_tcr2,,B,NLVPMVATV,KLVPMVATV,True,-2.264193709562544
N1L,False,6.663205733937179,af3_tcr2,,B,NLVPMVATV,LLVPMVATV,True,-9.4114041266561
N1M,False,6.991738099615613,af3_tcr2,,B,NLVPMVATV,MLVPMVATV,True,-7.781694348961095
N1P,False,5.444719759265848,af3_tcr2,,B,NLVPMVATV,PLVPMVATV,True,-3.8190489015448565
N1R,False,6.65635320753837,af3_tcr2,,B,NLVPMVATV,RLVPMVATV,True,-3.133822704432521
N1S,False,6.933940814658911,af3_tcr2,,B,NLVPMVATV,SLVPMVATV,True,-2.9331098323975704
N1T,False,6.822067520765239,af3_tcr2,,B,NLVPMVATV,TLVPMVATV,True,-4.737598873449183
N1V,False,6.86790033902448,af3_tcr2,,B,NLVPMVATV,VLVPMVATV,True,-8.988713876632943
N1W,False,7.001728686000476,af3_tcr2,,B,NLVPMVATV,WLVPMVATV,True,-10.114658060508463
N1Y,False,6.347373062677666,af3_tcr2,,B,NLVPMVATV,YLVPMVATV,True,-8.448967078194036
N1Q,False,7.004787488354931,af3_tcr2,,B,NLVPMVATV,QLVPMVATV,True,-2.2558324791172084
N1N,True,6.750186592848219,af3_tcr2,,B,NLVPMVATV,NLVPMVATV,True,0.0
L2A,False,4.1533644055675065,af3_tcr2,,B,NLVPMVATV,NAVPMVATV,True,-5.629723949153348
L2C,False,5.479254331484399,af3_tcr2,,B,NLVPMVATV,NCVPMVATV,True,-4.445004171745916
L2D,False,-0.8315938585446703,af3_tcr2,,B,NLVPMVATV,NDVPMVATV,True,-10.943125305182395
L2E,False,1.8713545791874449,af3_tcr2,,B,NLVPMVATV,NEVPMVATV,True,-9.650451830548775
L2F,False,1.0340083621409322,af3_tcr2,,B,NLVPMVATV,NFVPMVATV,True,-4.434763767762229
L2G,False,1.2818446174908429,af3_tcr2,,B,NLVPMVATV,NGVPMVATV,True,-9.671860878370772
L2H,False,1.251305742394741,af3_tcr2,,B,NLVPMVATV,NHVPMVATV,True,-8.178080668130237
L2K,False,0.7120797797724684,af3_tcr2,,B,NLVPMVATV,NKVPMVATV,True,-9.02353822212172
L2M,False,6.863613578821445,af3_tcr2,,B,NLVPMVATV,NMVPMVATV,True,-1.706026531134751
L2N,False,1.224703372266811,af3_tcr2,,B,NLVPMVATV,NNVPMVATV,True,-9.4114041266561
L2P,False,0.1369242337155816,af3_tcr2,,B,NLVPMVATV,NPVPMVATV,True,-10.628485573776425
L2Q,False,5.351573750071011,af3_tcr2,,B,NLVPMVATV,NQVPMVATV,True,-8.208621824427695
L2S,False,1.897537397851597,af3_tcr2,,B,NLVPMVATV,NSVPMVATV,True,-7.0547080789185435
L2T,False,4.011648137383229,af3_tcr2,,B,NLVPMVATV,NTVPMVATV,True,-5.131243872079878
L2V,False,5.521485993239607,af3_tcr2,,B,NLVPMVATV,NVVPMVATV,True,-1.3409264240426382
L2W,False,-0.3162636271508136,af3_tcr2,,B,NLVPMVATV,NWVPMVATV,True,-6.205812582692975
L2Y,False,1.949978976753446,af3_tcr2,,B,NLVPMVATV,NYVPMVATV,True,-5.3209200781931925
L2I,False,6.535890467194452,af3_tcr2,,B,NLVPMVATV,NIVPMVATV,True,-0.9168820667305412
L2L,True,6.750186592848219,af3_tcr2,,B,NLVPMVATV,NLVPMVATV,True,0.0
L2R,False,-9.210340371976184,af3_tcr2,,B,NLVPMVATV,NRVPMVATV,False,-9.15051125338444
V3C,False,5.073610207197584,af3_tcr2,,B,NLVPMVATV,NLCPMVATV,True,-3.124048817228584
V3D,False,5.226632431058653,af3_tcr2,,B,NLVPMVATV,NLDPMVATV,True,-10.462457242314292
V3E,False,5.040904291646441,af3_tcr2,,B,NLVPMVATV,NLEPMVATV,True,-9.408630590313022
V3G,False,3.3730220625785976,af3_tcr2,,B,NLVPMVATV,NLGPMVATV,True,-8.624023017473489
V3H,False,-1.36783243337554,af3_tcr2,,B,NLVPMVATV,NLHPMVATV,True,-8.503081322149713
V3I,False,6.90382112905226,af3_tcr2,,B,NLVPMVATV,NLIPMVATV,True,-0.7149005891484997
V3L,False,6.041812304575017,af3_tcr2,,B,NLVPMVATV,NLLPMVATV,True,-1.3409264240426382
V3N,False,4.734866220763434,af3_tcr2,,B,NLVPMVATV,NLNPMVATV,True,-8.988713876632943
V3P,False,1.2850931074573235,af3_tcr2,,B,NLVPMVATV,NLPPMVATV,True,-9.760599201522258
V3Q,False,2.8225695197335288,af3_tcr2,,B,NLVPMVATV,NLQPMVATV,True,-8.088323257269053
V3R,False,3.2792494821517058,af3_tcr2,,B,NLVPMVATV,NLRPMVATV,True,-9.180357465640842
V3S,False,6.750383108050541,af3_tcr2,,B,NLVPMVATV,NLSPMVATV,True,-6.3893843494236595
V3T,False,6.1603513065347935,af3_tcr2,,B,NLVPMVATV,NLTPMVATV,True,-4.410060771483332
V3A,False,6.204124669167226,af3_tcr2,,B,NLVPMVATV,NLAPMVATV,True,-4.573483349970818
V3V,True,6.750186592848219,af3_tcr2,,B,NLVPMVATV,NLVPMVATV,True,0.0
V3F,False,-9.210340371976184,af3_tcr2,,B,NLVPMVATV,NLFPMVATV,False,-5.581006381543492
V3K,False,-9.210340371976184,af3_tcr2,,B,NLVPMVATV,NLKPMVATV,False,-8.926949401129649
V3M,False,-9.210340371976184,af3_tcr2,,B,NLVPMVATV,NLMPMVATV,False,-2.0431917263232804
V3W,False,-9.210340371976184,af3_tcr2,,B,NLVPMVATV,NLWPMVATV,False,-7.349765799987526
V3Y,False,-9.210340371976184,af3_tcr2,,B,NLVPMVATV,NLYPMVATV,False,-6.2779448590733224
P4A,False,0.5438649888989484,af3_tcr2,,B,NLVPMVATV,NLVAMVATV,True,-5.307824326502934
P4D,False,4.55318960682245,af3_tcr2,,B,NLVPMVATV,NLVDMVATV,True,-3.541769886738501
P4W,False,-3.825767474565497,af3_tcr2,,B,NLVPMVATV,NLVWMVATV,True,-13.084866061501023
P4G,False,7.054961418267018,af3_tcr2,,B,NLVPMVATV,NLVGMVATV,True,-2.1336864685786554
P4P,True,6.750186592848219,af3_tcr2,,B,NLVPMVATV,NLVPMVATV,True,0.0
P4C,False,-9.210340371976184,af3_tcr2,,B,NLVPMVATV,NLVCMVATV,False,-8.871919951434778
P4E,False,-9.210340371976184,af3_tcr2,,B,NLVPMVATV,NLVEMVATV,False,-5.133917401663634
P4F,False,-9.210340371976184,af3_tcr2,,B,NLVPMVATV,NLVFMVATV,False,-12.04888386013437
P4H,False,-9.210340371976184,af3_tcr2,,B,NLVPMVATV,NLVHMVATV,False,-8.625330025655463
P4I,False,-9.210340371976184,af3_tcr2,,B,NLVPMVATV,NLVIMVATV,False,-10.4594587842663
P4K,False,-9.210340371976184,af3_tcr2,,B,NLVPMVATV,NLVKMVATV,False,-6.066093946206223
P4L,False,-9.210340371976184,af3_tcr2,,B,NLVPMVATV,NLVLMVATV,False,-10.628485573776425
P4M,False,-9.210340371976184,af3_tcr2,,B,NLVPMVATV,NLVMMVATV,False,-9.31144553586053
P4N,False,-9.210340371976184,af3_tcr2,,B,NLVPMVATV,NLVNMVATV,False,-3.8190489015448565
P4Q,False,-9.210340371976184,af3_tcr2,,B,NLVPMVATV,NLVQMVATV,False,-5.876658706110999
P4R,False,-9.210340371976184,af3_tcr2,,B,NLVPMVATV,NLVRMVATV,False,-6.941611570958817
P4S,False,-9.210340371976184,af3_tcr2,,B,NLVPMVATV,NLVSMVATV,False,-3.799825059499118
P4T,False,-9.210340371976184,af3_tcr2,,B,NLVPMVATV,NLVTMVATV,False,-5.521921344947621
P4V,False,-9.210340371976184,af3_tcr2,,B,NLVPMVATV,NLVVMVATV,False,-9.760599201522258
P4Y,False,-9.210340371976184,af3_tcr2,,B,NLVPMVATV,NLVYMVATV,False,-11.363260737036889
M5H,False,-2.47352245377502,af3_tcr2,,B,NLVPMVATV,NLVPHVATV,True,-6.557207973559407
M5K,False,-2.5296069735182027,af3_tcr2,,B,NLVPMVATV,NLVPKVATV,True,-7.318426697404776
M5L,False,5.022634883258528,af3_tcr2,,B,NLVPMVATV,NLVPLVATV,True,-1.706026531134751
M5N,False,-4.2855390327982485,af3_tcr2,,B,NLVPMVATV,NLVPNVATV,True,-7.781694348961095
M5P,False,-4.81735208802761,af3_tcr2,,B,NLVPMVATV,NLVPPVATV,True,-9.31144553586053
M5S,False,2.5622537884228422,af3_tcr2,,B,NLVPMVATV,NLVPSVATV,True,-5.604048881547064
M5W,False,-4.832109478461341,af3_tcr2,,B,NLVPMVATV,NLVPWVATV,True,-5.615483656942405
M5M,True,6.750186592848219,af3_tcr2,,B,NLVPMVATV,NLVPMVATV,True,0.0
M5A,False,-9.210340371976184,af3_tcr2,,B,NLVPMVATV,NLVPAVATV,False,-4.709451886491528
M5C,False,-9.210340371976184,af3_tcr2,,B,NLVPMVATV,NLVPCVATV,False,-4.804920734998789
M5D,False,-9.210340371976184,af3_tcr2,,B,NLVPMVATV,NLVPDVATV,False,-9.331429674784955
M5E,False,-9.210340371976184,af3_tcr2,,B,NLVPMVATV,NLVPEVATV,False,-7.9627558953165725
M5F,False,-9.210340371976184,af3_tcr2,,B,NLVPMVATV,NLVPFVATV,False,-3.910000926335655
M5G,False,-9.210340371976184,af3_tcr2,,B,NLVPMVATV,NLVPGVATV,False,-8.605231281152383
M5Q,False,-9.210340371976184,af3_tcr2,,B,NLVPMVATV,NLVPQVATV,False,-6.505803737707016
M5R,False,-9.210340371976184,af3_tcr2,,B,NLVPMVATV,NLVPRVATV,False,-7.449045677262714
M5T,False,-9.210340371976184,af3_tcr2,,B,NLVPMVATV,NLVPTVATV,False,-3.8022989701449266
M5V,False,-9.210340371976184,af3_tcr2,,B,NLVPMVATV,NLVPVVATV,False,-2.0431917263232804
M5Y,False,-9.210340371976184,af3_tcr2,,B,NLVPMVATV,NLVPYVATV,False,-4.350926772824042
M5I,False,-9.210340371976184,af3_tcr2,,B,NLVPMVATV,NLVPIVATV,False,-2.234460175971931
V6C,False,5.43171897665203,af3_tcr2,,B,NLVPMVATV,NLVPMCATV,True,-3.124048817228584
V6D,False,-4.070147599423224,af3_tcr2,,B,NLVPMVATV,NLVPMDATV,True,-10.462457242314292
V6I,False,5.171906767077911,af3_tcr2,,B,NLVPMVATV,NLVPMIATV,True,-0.7149005891484997
V6L,False,4.64535534735229,af3_tcr2,,B,NLVPMVATV,NLVPMLATV,True,-1.3409264240426382
V6M,False,4.327110786897172,af3_tcr2,,B,NLVPMVATV,NLVPMMATV,True,-2.0431917263232804
V6R,False,0.6079853309638505,af3_tcr2,,B,NLVPMVATV,NLVPMRATV,True,-9.180357465640842
V6T,False,5.804423128035765,af3_tcr2,,B,NLVPMVATV,NLVPMTATV,True,-4.410060771483332
V6V,True,6.750186592848219,af3_tcr2,,B,NLVPMVATV,NLVPMVATV,True,0.0
V6E,False,-9.210340371976184,af3_tcr2,,B,NLVPMVATV,NLVPMEATV,False,-9.408630590313022
V6F,False,-9.210340371976184,af3_tcr2,,B,NLVPMVATV,NLVPMFATV,False,-5.581006381543492
V6G,False,-9.210340371976184,af3_tcr2,,B,NLVPMVATV,NLVPMGATV,False,-8.624023017473489
V6H,False,-9.210340371976184,af3_tcr2,,B,NLVPMVATV,NLVPMHATV,False,-8.503081322149713
V6K,False,-9.210340371976184,af3_tcr2,,B,NLVPMVATV,NLVPMKATV,False,-8.926949401129649
V6N,False,-9.210340371976184,af3_tcr2,,B,NLVPMVATV,NLVPMNATV,False,-8.988713876632943
V6P,False,-9.210340371976184,af3_tcr2,,B,NLVPMVATV,NLVPMPATV,False,-9.760599201522258
V6Q,False,-9.210340371976184,af3_tcr2,,B,NLVPMVATV,NLVPMQATV,False,-8.088323257269053
V6S,False,-9.210340371976184,af3_tcr2,,B,NLVPMVATV,NLVPMSATV,False,-6.3893843494236595
V6W,False,-9.210340371976184,af3_tcr2,,B,NLVPMVATV,NLVPMWATV,False,-7.349765799987526
V6Y,False,-9.210340371976184,af3_tcr2,,B,NLVPMVATV,NLVPMYATV,False,-6.2779448590733224
V6A,False,-9.210340371976184,af3_tcr2,,B,NLVPMVATV,NLVPMAATV,False,-4.573483349970818
A7C,False,4.894967798444782,af3_tcr2,,B,NLVPMVATV,NLVPMVCTV,True,-3.7673066605568826
A7G,False,5.408340891281673,af3_tcr2,,B,NLVPMVATV,NLVPMVGTV,True,-4.054486363743763
A7N,False,-4.2695718784508045,af3_tcr2,,B,NLVPMVATV,NLVPMVNTV,True,-5.702888846341898
A7S,False,5.87605928882899,af3_tcr2,,B,NLVPMVATV,NLVPMVSTV,True,-2.7768641441391444
A7A,True,6.750186592848219,af3_tcr2,,B,NLVPMVATV,NLVPMVATV,True,0.0
A7D,False,-9.210340371976184,af3_tcr2,,B,NLVPMVATV,NLVPMVDTV,False,-6.858666899068506
A7E,False,-9.210340371976184,af3_tcr2,,B,NLVPMVATV,NLVPMVETV,False,-6.645123081893246
A7F,False,-9.210340371976184,af3_tcr2,,B,NLVPMVATV,NLVPMVFTV,False,-8.316884322665505
A7H,False,-9.210340371976184,af3_tcr2,,B,NLVPMVATV,NLVPMVHTV,False,-7.80927252686884
A7I,False,-9.210340371976184,af3_tcr2,,B,NLVPMVATV,NLVPMVITV,False,-5.287574981132023
A7K,False,-9.210340371976184,af3_tcr2,,B,NLVPMVATV,NLVPMVKTV,False,-6.718712490316743
A7L,False,-9.210340371976184,af3_tcr2,,B,NLVPMVATV,NLVPMVLTV,False,-5.629723949153348
A7M,False,-9.210340371976184,af3_tcr2,,B,NLVPMVATV,NLVPMVMTV,False,-4.709451886491528
A7P,False,-9.210340371976184,af3_tcr2,,B,NLVPMVATV,NLVPMVPTV,False,-5.307824326502934
A7Q,False,-9.210340371976184,af3_tcr2,,B,NLVPMVATV,NLVPMVQTV,False,-5.96092500006195
A7R,False,-9.210340371976184,af3_tcr2,,B,NLVPMVATV,NLVPMVRTV,False,-7.355645531294955
A7T,False,-9.210340371976184,af3_tcr2,,B,NLVPMVATV,NLVPMVTTV,False,-1.6914472360189268
A7W,False,-9.210340371976184,af3_tcr2,,B,NLVPMVATV,NLVPMVWTV,False,-9.808973736427841
A7Y,False,-9.210340371976184,af3_tcr2,,B,NLVPMVATV,NLVPMVYTV,False,-8.209220399536266
A7V,False,-9.210340371976184,af3_tcr2,,B,NLVPMVATV,NLVPMVVTV,False,-4.573483349970818
T8C,False,5.172089586418694,af3_tcr2,,B,NLVPMVATV,NLVPMVACV,True,-4.766362069061748
T8S,False,6.0329258099367005,af3_tcr2,,B,NLVPMVATV,NLVPMVASV,True,-1.9807227383836576
T8W,False,1.7775571091072544,af3_tcr2,,B,NLVPMVATV,NLVPMVAWV,True,-8.360787981361641
T8T,True,6.750186592848219,af3_tcr2,,B,NLVPMVATV,NLVPMVATV,True,0.0
T8A,False,-9.210340371976184,af3_tcr2,,B,NLVPMVATV,NLVPMVAAV,False,-1.6914472360189268
T8D,False,-9.210340371976184,af3_tcr2,,B,NLVPMVATV,NLVPMVADV,False,-6.123211387738817
T8E,False,-9.210340371976184,af3_tcr2,,B,NLVPMVATV,NLVPMVAEV,False,-5.434504869409326
T8F,False,-9.210340371976184,af3_tcr2,,B,NLVPMVATV,NLVPMVAFV,False,-6.989589334998694
T8G,False,-9.210340371976184,af3_tcr2,,B,NLVPMVATV,NLVPMVAGV,False,-4.891647465499837
T8H,False,-9.210340371976184,af3_tcr2,,B,NLVPMVATV,NLVPMVAHV,False,-6.141639435657454
T8I,False,-9.210340371976184,af3_tcr2,,B,NLVPMVATV,NLVPMVAIV,False,-5.069101322156581
T8K,False,-9.210340371976184,af3_tcr2,,B,NLVPMVATV,NLVPMVAKV,False,-5.304308039139411
T8L,False,-9.210340371976184,af3_tcr2,,B,NLVPMVATV,NLVPMVALV,False,-5.131243872079878
T8M,False,-9.210340371976184,af3_tcr2,,B,NLVPMVATV,NLVPMVAMV,False,-3.8022989701449266
T8P,False,-9.210340371976184,af3_tcr2,,B,NLVPMVATV,NLVPMVAPV,False,-5.521921344947621
T8Q,False,-9.210340371976184,af3_tcr2,,B,NLVPMVATV,NLVPMVAQV,False,-4.497357176081819
T8R,False,-9.210340371976184,af3_tcr2,,B,NLVPMVATV,NLVPMVARV,False,-5.853391669257117
T8V,False,-9.210340371976184,af3_tcr2,,B,NLVPMVATV,NLVPMVAVV,False,-4.410060771483332
T8Y,False,-9.210340371976184,af3_tcr2,,B,NLVPMVATV,NLVPMVAYV,False,-6.705061937224871
T8N,False,-9.210340371976184,af3_tcr2,,B,NLVPMVATV,NLVPMVANV,False,-4.737598873449183
V9C,False,5.620285085149563,af3_tcr2,,B,NLVPMVATV,NLVPMVATC,True,-3.124048817228584
V9E,False,-1.4086805540321137,af3_tcr2,,B,NLVPMVATV,NLVPMVATE,True,-9.408630590313022
V9F,False,-1.2770490477882417,af3_tcr2,,B,NLVPMVATV,NLVPMVATF,True,-5.581006381543492
V9G,False,1.0929085237652554,af3_tcr2,,B,NLVPMVATV,NLVPMVATG,True,-8.624023017473489
V9I,False,6.158632349416118,af3_tcr2,,B,NLVPMVATV,NLVPMVATI,True,-0.7149005891484997
V9L,False,1.2581174295405255,af3_tcr2,,B,NLVPMVATV,NLVPMVATL,True,-1.3409264240426382
V9M,False,2.290447648665288,af3_tcr2,,B,NLVPMVATV,NLVPMVATM,True,-2.0431917263232804
V9P,False,-0.8778786988964266,af3_tcr2,,B,NLVPMVATV,NLVPMVATP,True,-9.760599201522258
V9S,False,0.9821833206828016,af3_tcr2,,B,NLVPMVATV,NLVPMVATS,True,-6.3893843494236595
V9T,False,3.297718682024078,af3_tcr2,,B,NLVPMVATV,NLVPMVATT,True,-4.410060771483332
V9W,False,1.1526752396728968,af3_tcr2,,B,NLVPMVATV,NLVPMVATW,True,-7.349765799987526
V9Y,False,-4.965520252223028,af3_tcr2,,B,NLVPMVATV,NLVPMVATY,True,-6.2779448590733224
V9A,False,5.5157726815491,af3_tcr2,,B,NLVPMVATV,NLVPMVATA,True,-4.573483349970818
V9V,True,6.750186592848219,af3_tcr2,,B,NLVPMVATV,NLVPMVATV,True,0.0
V9D,False,-9.210340371976184,af3_tcr2,,B,NLVPMVATV,NLVPMVATD,False,-10.462457242314292
V9H,False,-9.210340371976184,af3_tcr2,,B,NLVPMVATV,NLVPMVATH,False,-8.503081322149713
V9K,False,-9.210340371976184,af3_tcr2,,B,NLVPMVATV,NLVPMVATK,False,-8.926949401129649
V9N,False,-9.210340371976184,af3_tcr2,,B,NLVPMVATV,NLVPMVATN,False,-8.988713876632943
V9Q,False,-9.210340371976184,af3_tcr2,,B,NLVPMVATV,NLVPMVATQ,False,-8.088323257269053
V9R,False,-9.210340371976184,af3_tcr2,,B,NLVPMVATV,NLVPMVATR,False,-9.180357465640842
